ANO	JAN	FEV	MAR
1975	33,20	35,20	33,00
1976	35,00	31,00	33,00
1977	33,00	35,00	35,00
1978	36,70	35,30	33,90
1979	32,00	34,10	32,60
1980	32,80	34,80	34,60
1981	31,40	35,00	35,00
1982	32,40	35,00	32,20
1983	33,00	34,20	33,00
1984	36,90	36,40	37,00
1985	33,00	34,20	34,20
1986	35,20	34,80	34,40
1987	35,10	34,80	33,90
1988	36,00	33,40	33,90
1989	34,00	33,90	32,80
1990	34,80	35,20	34,20
1991	33,90	32,90	33,20
1992	35,00	34,80	32,30
1993	36,40	31,80	34,80
1994	34,10	36,00	32,80
1995	35,40	36,00	35,50
1996	35,10	34,30	34,30
1997	32,40	34,40	33,00
1998	34,80	34,10	34,30
1999	36,40	34,30	33,50
2000	34,10	32,80	32,50
2001	35,10	34,60	34,60
2002	33,40	32,80	35,20
2003	34,50	35,80	34,80
2004	33,10	35,20	34,00
2005	33,30	36,80	35,10
2006	36,50	35,50	34,00
2007	33,30	34,60	36,30
2008	34,10	33,20	33,80
2009	34,20	33,60	35,30
2010	34,70	34,50	34,10	
2011	34,50	34,80	33,40	
2012	33,20	36,20	34,70
2013	35,70	37,00	36,80
2014	35,90	37,70	34,60
2015	37,00	37,70	34,10
2016	36,70	35,70	33,30
2017	34,30	35,60	34,20

